-3.000000000000000444e-01
-2.999580557280228099e-01
-2.998245052074786088e-01
-2.995799317345724799e-01
-2.991928800994316240e-01
-2.986177071806401795e-01
-2.977923336863865789e-01
-2.966361331111082578e-01
-2.950483818635487587e-01
-2.929079452365931924e-01
-2.900751598966796463e-01
-2.863971102873915653e-01
-2.817175131226104523e-01
-2.758919681988346584e-01
-2.688081503884547918e-01
-2.604085708007145006e-01
-2.507112905755992105e-01
-2.398225263351697334e-01
-2.279357567572349585e-01
-2.153152823969860241e-01
-2.022671372165531223e-01
-1.891044087939334484e-01
-1.761152610379067840e-01
-1.635399241323597375e-01
-1.515591232466956817e-01
-1.402928884110238028e-01
-1.298066721181302674e-01
-1.201213060097562069e-01
-1.112239731779988278e-01
-1.030783826132323500e-01
-9.563325571955665072e-02
-8.882889035318475290e-02
-8.260194988723085219e-02
-7.688880102758470503e-02
-7.162777268229976457e-02
-6.676068872099968909e-02
-6.223397697750491370e-02
-5.799958597335339722e-02
-5.401585390557735178e-02
-5.024836154629497287e-02
-4.667066712810980650e-02
-4.326469285918255192e-02
-4.002047012317862945e-02
-3.693502490579047420e-02
-3.401041788100448576e-02
-3.125126161556979199e-02
-2.866225407905938910e-02
-2.624625668019229391e-02
-2.400321653103741279e-02
-2.192993038713280524e-02
-2.002042639750187605e-02
-1.826666527047462671e-02
-1.665930704962005626e-02
-1.518838487454790727e-02
-1.384381821760225471e-02
-1.261576123842080184e-02
-1.149481360352269145e-02
-1.047213063687835004e-02
-9.539467129771762172e-03
-8.689181179416600315e-03
-7.914215822946650547e-03
-7.208069849764559174e-03
-6.564764304221644246e-03
-5.978807816024393935e-03
-5.445162641970967624e-03
-4.959211957726486486e-03
-4.516728782223374851e-03
-4.113846568414982613e-03
-3.747031506605903121e-03
-3.413056446544193365e-03
-3.108976427342399155e-03
-2.832105810189181495e-03
-2.579996942837608099e-03
-2.350420218391119191e-03
-2.141345658806760241e-03
-1.950925774618315293e-03
-1.777479746027422125e-03
-1.619478834069067869e-03
-1.475532910547310179e-03
-1.344378159541011284e-03
-1.224865707218521704e-03
-1.115951272956140555e-03
-1.016685656671305034e-03
-9.262060822634171631e-04
-8.437282995964620830e-04
-7.685393687126806624e-04
-6.999910999222917546e-04
-6.374941046515146190e-04
-5.805123509606030692e-04
-5.285582642942895145e-04
-4.811882160860987364e-04
-4.379985184788617761e-04
-3.986217105254910272e-04
-3.627232242320522679e-04
-3.299983841735872232e-04
-3.001696234037724842e-04
-2.729840400271833236e-04
-2.482111219208221514e-04
-2.256407125200467494e-04
-2.050811589127096756e-04
-1.863576481890042661e-04
-1.693106628249290476e-04
-1.537946194081441724e-04
-1.396766172355825327e-04
-1.268352983214190012e-04
-1.151598256981292001e-04
-1.045489424534817001e-04
-9.491012478808525819e-05
-8.615882409754879821e-05
-7.821774242744242709e-05
-7.101622068310198624e-05
-6.448963915275926820e-05
-5.857890763318122614e-05
-5.322999140072297183e-05
-4.839344248087195245e-05
-4.402404472393642494e-05
-4.008041995422158738e-05
-3.652471365268705327e-05
-3.332229589225337062e-05
-3.044147649398744053e-05
-2.785326689731836610e-05
-2.553113365062261253e-05
-2.345081952258982916e-05
-2.159012596870147155e-05
-1.992875004075420886e-05
-1.844812352869691863e-05
-1.713127017928697574e-05
-1.596266594915081560e-05
-1.492813016223318160e-05
-1.401469765218153377e-05
-1.321052726611359855e-05
-1.250480641343926237e-05
-1.188767033820620455e-05
-1.135010376759823457e-05
-1.088389567753547176e-05
-1.048155966977612853e-05
-1.013627317580528062e-05
-9.841823029971871994e-06
-9.592555805364356251e-06
-9.383331080808137719e-06
-9.209482619874024745e-06
-9.066760088165817937e-06
-8.951327968551118578e-06
-8.859695945645590796e-06
-8.788713081282875693e-06
-8.735527372630241032e-06
-8.697563650147135150e-06
-8.672506648004219869e-06
-8.658263090115738913e-06
-8.652960246064728557e-06
-8.654918872946612454e-06
-8.658621555217873751e-06
-8.674745456989694332e-06
-8.690079543396928997e-06
-8.707566504899200762e-06
-8.726267198121664861e-06
-8.745359055760016796e-06
-8.764110062815609666e-06
-8.781890657028058845e-06
-8.798149852334437074e-06
-8.812418114695933242e-06
-8.824288149133467453e-06
-8.833418501700218505e-06
-8.839523849041913133e-06
-8.842368349991328074e-06
-8.841766465780835201e-06
-8.837568498692628755e-06
-8.829661737266482430e-06
-8.817972780278173289e-06
-8.802450344145518012e-06
-8.783075285433229241e-06
-8.759846626234871135e-06
-8.732788622423239572e-06
-8.701940223928314620e-06
-8.667359992360145645e-06
-8.629120675025327801e-06
-8.587295432318660022e-06
-8.541986474965346907e-06
-8.493291805821168251e-06
-8.441321813496198046e-06
-8.386191178267915925e-06
-8.328019007164717152e-06
-8.266931633796860087e-06
-8.203055333626643378e-06
-8.136519763558967792e-06
-8.067456383180266518e-06
-7.995999414838920877e-06
-7.922274248903890157e-06
-7.846420061724823658e-06
-7.768562116415413593e-06
-7.688832111483726213e-06
-7.607361963375648506e-06
-7.524271490044608806e-06
-7.439689128771292587e-06
-7.353732991128965349e-06
-7.266527686684346363e-06
-7.178183218914626228e-06
-7.088816045215172916e-06
-6.998532879295353126e-06
-6.907444485999130036e-06
-6.815650161995529439e-06
-6.723252517478788853e-06
-6.630347344617069931e-06
-6.537028413333531815e-06
-6.443386616812029048e-06
-6.349505741528979182e-06
-6.255471830582866411e-06
-6.161361179773404495e-06
-6.067251388017727310e-06
-5.973216802874622935e-06
-5.879324743141390393e-06
-5.785643595589620471e-06
-5.692234810987693954e-06
-5.599160675803870132e-06
-5.506475926077415261e-06
-5.414236619542659002e-06
-5.322492498375503224e-06
-5.231292550875213389e-06
-5.140682223831102973e-06
-5.050705339150559022e-06
-4.961399770166722617e-06
-4.872805937903011662e-06
-4.784958563037524898e-06
-4.697889790016037690e-06
-4.611634409442899779e-06
-4.526213013217802294e-06
8.482083349812871811e-07
-1.088157932341448792e-14
-1.067089068711012562e-14
-1.046433038448016049e-14
-1.026181562725529256e-14
-1.006326537839147867e-14
-9.868600291804575537e-15
-9.677742674455524718e-15
-9.490616455242340663e-15
-9.307147142685274143e-15
-9.127261788600223520e-15
-8.950888962228893332e-15
-8.777958706701769193e-15
-8.608402512209977613e-15
