-3.000000000000000444e-01
-2.998229476118741132e-01
-2.991849173763090342e-01
-2.977676310856993691e-01
-2.949861453069316242e-01
-2.899387300069886653e-01
-2.814523308297143256e-01
-2.683506967053878589e-01
-2.500149226641590894e-01
-2.270032454535932109e-01
-2.011611833612610978e-01
-1.749322658681997378e-01
-1.503891462056271000e-01
-1.287096250549144838e-01
-1.102275346458712613e-01
-9.474155944992934675e-02
-8.180528397679225072e-02
-7.090965977639114570e-02
-6.157581992912956187e-02
-5.340059895986761646e-02
-4.608659822813585688e-02
-3.946443578131679508e-02
-3.348770335527027908e-02
-2.818176577306885644e-02
-2.357156545981506021e-02
-1.963936453304575280e-02
-1.632663151984858549e-02
-1.355531018457248847e-02
-1.124565725969568775e-02
-9.324942348931119368e-03
-7.729951973000246876e-03
-6.406807861547354765e-03
-5.309981065553838475e-03
-4.401193592224484155e-03
-3.648392918847756430e-03
-3.024833353331796756e-03
-2.508264701913177821e-03
-2.080222927069187971e-03
-1.725416220382139203e-03
-1.431198577947554460e-03
-1.187122397261255666e-03
-9.845611958776839812e-04
-8.163934253706395380e-04
-6.767390722398827904e-04
-5.607411424472918265e-04
-4.643850719111320443e-04
-3.843499045442011811e-04
-3.178858191254698286e-04
-2.627135514396030497e-04
-2.169418085070192912e-04
-1.789995237235591748e-04
-1.475801865938146113e-04
-1.215961728877628956e-04
-1.001411738642895042e-04
-8.245928876930659407e-05
-6.791954612452015701e-05
-5.599491205377575114e-05
-4.624487957951070046e-05
-3.830114507947349108e-05
-3.185566016633096999e-05
-2.665075857436041478e-05
-2.247090673129972370e-05
-1.913588680055025167e-05
-1.649506151562599133e-05
-1.442259985589065069e-05
-1.281350050148878060e-05
-1.158023747676793161e-05
-1.064996489080894273e-05
-9.962165990595226749e-06
-9.466673899914985961e-06
-9.122012407068565495e-06
-8.894001287296649576e-06
-8.754576295112479292e-06
-8.680801618552766617e-06
-8.654025258547065123e-06
-8.659196143295928874e-06
-8.684238697719791537e-06
-8.719581985364237400e-06
-8.757727689493428018e-06
-8.792884399631961933e-06
-8.820684258434596892e-06
-8.837918298069457341e-06
-8.842333608864040489e-06
-8.832450558176781005e-06
-8.807415665270170601e-06
-8.766875543929111058e-06
-8.710871400758577631e-06
-8.639756659891501613e-06
-8.554122840833689454e-06
-8.454726206492239757e-06
-8.342468077565559124e-06
-8.218331411033520762e-06
-8.083341262977070436e-06
-7.938568312503794800e-06
-7.785078217433875135e-06
-7.623927442297326553e-06
-7.456147147218573139e-06
-7.282738835996871500e-06
-7.104655329578244812e-06
-6.922805669740150249e-06
-6.738041421673845119e-06
-6.551167117750950713e-06
-6.362928560465307324e-06
-6.174016049530857333e-06
-5.985063496506109196e-06
-5.796651838357025141e-06
-5.609309837843767448e-06
-5.423515912180493353e-06
-5.239698359637935741e-06
-5.058240085680808396e-06
-4.879480685082915803e-06
-4.703719054003440904e-06
-4.531215285667308850e-06
-4.362187452269295638e-06
-4.196832459887630707e-06
-4.035308944914509685e-06
-3.877741614741248404e-06
-3.740384837699427884e-06
-1.004038701621878433e-05
-8.615435456848725743e-06
