-2.999999999999999334e-01
-2.990531544258401286e-01
-2.939220435273627308e-01
-2.768776318763405131e-01
-2.383630897165041895e-01
-1.837523437557313233e-01
-1.329570033744847390e-01
-9.582152837628372943e-02
-7.034831338219187102e-02
-5.196522698996241391e-02
-3.747963697196286803e-02
-2.601032490083323573e-02
-1.763323647869173560e-02
-1.185834114082717251e-02
-7.953212851449089488e-03
-5.329767558163873639e-03
-3.572558819740376691e-03
-2.396400826532269195e-03
-1.608481088804625692e-03
-1.079756301372234968e-03
-7.243267654915227800e-04
-4.850899736117069523e-04
-3.240239489928107642e-04
-2.157198805619806579e-04
-1.431188046765061671e-04
-9.471122672493982922e-05
-6.269611800025156223e-05
-4.176573257310227507e-05
-2.829888224211600791e-05
-1.982166291158673392e-05
