-2.999999999999999334e-01
-2.990646075866951192e-01
-2.941776978581893132e-01
-2.786798352796782674e-01
-2.449319840068659715e-01
-1.970845870464660587e-01
-1.506769919189117624e-01
-1.148240866566323376e-01
-8.923157498959970180e-02
-7.056844195264000419e-02
-5.586220695618460130e-02
-4.362588042822935358e-02
-3.379118212135715643e-02
-2.638691451753190365e-02
-2.096549152156350349e-02
-1.697559454082666133e-02
-1.398597279188151625e-02
-1.169719832149067502e-02
-9.907191495778051513e-03
-8.479710387094923502e-03
-7.321760788491444086e-03
-6.368583865842086106e-03
-5.574028999009065545e-03
-4.904449217060053920e-03
-4.334802736915142202e-03
-3.846115206044972527e-03
-3.423785649338751975e-03
-3.056425702123739558e-03
-2.735044941512529675e-03
-2.452467277910159570e-03
