-3.000000000000002665e-01
-2.991686364512965435e-01
-2.948582010477592830e-01
-2.809062911206883784e-01
-2.485881911816418544e-01
-1.989195786059351212e-01
-1.480422875988034737e-01
-1.082409820878132700e-01
-8.021954262459633778e-02
-6.026261419300611710e-02
-4.491817750021499106e-02
-3.244645556954284943e-02
-2.271830643687281631e-02
-1.567235035702598325e-02
-1.075722356297307419e-02
-7.369733429875495283e-03
-5.046399333946962121e-03
-3.456531272380896583e-03
-2.369058039749647859e-03
-1.624601505301401672e-03
-1.114195151128504575e-03
-7.636930912482584825e-04
-5.227103829557217278e-04
-3.569647125183077890e-04
-2.430590047847052163e-04
-1.649603980065567413e-04
-1.116338979641360386e-04
-7.545202871617294872e-05
-5.112301642278924032e-05
-3.496492220617511209e-05
-2.441122901811738116e-05
-1.767193925543382988e-05
-1.349979605111293414e-05
-1.102803034835494968e-05
-9.657167684126811559e-06
-8.975651045617225781e-06
-8.703962432568139833e-06
-8.655186507794505069e-06
-8.707067107599003318e-06
-8.782251939517000120e-06
-8.834251760487263098e-06
-8.837552153536632922e-06
-8.780601346402351512e-06
-8.660903481888138376e-06
-8.481603186188773729e-06
-8.249115053106487083e-06
-7.971528471138632484e-06
-7.657512504782727471e-06
-7.315661856168755028e-06
-6.954041453158795128e-06
-6.579942500955038859e-06
-6.199790641709108620e-06
-5.819085596179602069e-06
-5.442437790827643356e-06
-5.073616100273922375e-06
-4.773934781373897289e-06
-4.370770584804937695e-06
-2.935300675403563272e-05
-9.570186383410742923e-07
-2.161801616852907599e-04
