0.000000000000000000e+00
1.597045630154443119e+00
1.631426801279958871e+00
1.656916662540270258e+00
1.601032883112556204e+00
1.407718289508191889e+00
1.134724309103570139e+00
8.814195100871838884e-01
6.893666696250285719e-01
5.550764932628970971e-01
4.610381618951406857e-01
3.889780575635962134e-01
3.277249075232401276e-01
2.746109872536093843e-01
2.294245270141992699e-01
1.915346262739599514e-01
1.599934433728058270e-01
1.338221636755705657e-01
1.121248899515231434e-01
9.412539276542131184e-02
7.917094217103878839e-02
6.672173298190414714e-02
5.633522291153372774e-02
4.764998460232254540e-02
4.037107448258270281e-02
3.425756920850647758e-02
2.911228381197511830e-02
2.477342921491629615e-02
2.110789648055051357e-02
1.800586636935406007e-02
1.537648299392465820e-02
1.314437611511801336e-02
1.124685899385337480e-02
9.631664139227637950e-03
8.255108131289580486e-03
7.080599631579960127e-03
6.077422561001312971e-03
5.219740798456197484e-03
4.485781486379328623e-03
3.857163146229119349e-03
3.318341195934389198e-03
2.856149298257210697e-03
2.459418866059351512e-03
2.118662702195084086e-03
1.825811325425280357e-03
1.573992679953704421e-03
1.357347756297495617e-03
1.170875840629872610e-03
1.010304566474332132e-03
8.719803671986339766e-04
7.527761102262035212e-04
6.500131076760111860e-04
5.613950166203183090e-04
4.849518948929710995e-04
4.189926804838033417e-04
3.626319203164706873e-04
3.129198963234365236e-04
2.802756180722274816e-04
1.985957101827936274e-04
7.792878675371656214e-04
