0.000000000000000000e+00
1.598515864215339644e+00
1.635382071040819785e+00
1.657413072059619852e+00
1.587218345223366578e+00
1.385904166242640789e+00
1.124619093718730589e+00
8.901917240758955296e-01
7.133255420625987941e-01
5.885662105995824733e-01
4.994179287344322482e-01
4.291616791154866939e-01
3.679424955750452142e-01
3.136929796042681740e-01
2.666124409955265562e-01
2.263948652162605102e-01
1.922948337664920349e-01
1.634688499489670710e-01
1.391224955623325821e-01
1.185551441366401032e-01
1.011660591332188136e-01
8.644697767144821077e-02
7.397078222350135512e-02
6.337983221333902406e-02
5.437520115432941531e-02
4.670719510489661219e-02
4.016720100247517938e-02
3.458078441738624692e-02
2.980190492810086064e-02
2.570810150793851126e-02
