0.000000000000000000e+00
1.598656987306312116e+00
1.635888388484655342e+00
1.655673813901184177e+00
1.569040220005452957e+00
1.333098271713600624e+00
1.042343048741684486e+00
7.970071139489569578e-01
6.218537722052738248e-01
5.029920832390876173e-01
4.181859912690418235e-01
3.495552243511192425e-01
2.904859952393504807e-01
2.403575103875107699e-01
1.986120943533902783e-01
1.641827304897022777e-01
1.359081200042096260e-01
1.127160969453907396e-01
9.368122343364766735e-02
7.803212155404842809e-02
6.513781831400396183e-02
5.448705552228347293e-02
4.566716909169083599e-02
3.834524979747643003e-02
3.225235983847715704e-02
2.717071967851598241e-02
2.292346623046261078e-02
1.936652139587555915e-02
1.638214820872476232e-02
1.387384016121150261e-02
