0.000000000000000000e+00
1.587303285850482748e+00
1.596830027388703499e+00
1.612072860007335517e+00
1.630777793884554017e+00
1.648299227863873062e+00
1.656900966638761963e+00
1.646064301445866240e+00
1.605094545016502838e+00
1.528097698749601774e+00
1.418214560613582087e+00
1.286920095388204954e+00
1.148662157541065598e+00
1.015476587621210847e+00
8.947363071979695937e-01
7.895797186218725949e-01
7.003065770675539481e-01
6.256464619726003207e-01
5.635814703412317384e-01
5.117867004057542468e-01
4.678673499212252507e-01
4.295755976690719957e-01
3.950914756826013341e-01
3.632509433620129680e-01
3.335271733786547288e-01
3.057850877011852875e-01
2.800218139357047442e-01
2.562267047480489834e-01
2.343452127023688547e-01
2.142868023706849812e-01
1.959403464038342590e-01
1.791856982018785460e-01
1.639008555857474347e-01
1.499662512843540074e-01
1.372673336887267614e-01
1.256960786045146772e-01
1.151517886997418388e-01
1.055414047461771809e-01
9.677948447634895923e-02
8.878796167702651676e-02
8.149576786913990956e-02
7.483837560544896739e-02
6.875730540291846715e-02
6.319962489664618377e-02
5.811745923187091462e-02
5.346752458445174633e-02
4.921069167849845966e-02
4.531158244419326853e-02
4.173820091955323525e-02
3.846159765201055680e-02
3.545556613708497617e-02
3.269636909751888476e-02
3.016249232506193131e-02
2.783442363874704534e-02
2.569445459497712858e-02
2.372650272538645230e-02
2.191595213240141518e-02
2.024951064105285498e-02
1.871508164811272121e-02
1.730164918412438468e-02
1.599917471431074392e-02
1.479850445287546508e-02
1.369128605724389929e-02
1.266989370513566145e-02
1.172736063058927442e-02
1.085731838448017461e-02
1.005394205488062409e-02
9.311900856761479162e-03
8.626313520808266341e-03
7.992707983370666083e-03
7.406984936398242937e-03
6.865384840687873899e-03
6.364458061375754226e-03
5.901037798293116109e-03
5.472215525410764267e-03
5.075318743040110880e-03
4.707890699971723977e-03
4.367672043241135026e-03
4.052584091777694519e-03
3.760713597144498942e-03
3.490298911109041696e-03
3.239717341899661825e-03
3.007473664626585195e-03
2.792189602628089833e-03
2.592594248136676719e-03
2.407515310147547664e-03
2.235871104876912662e-03
2.076663252079289593e-03
1.928969975369349086e-03
1.791939951380756065e-03
1.664786754938435464e-03
1.546783678821023406e-03
1.437258991577048620e-03
1.335591692210885955e-03
1.241207475137092895e-03
1.153575114816918126e-03
1.072203116328218414e-03
9.966366542684679253e-04
9.264547231142314203e-04
8.612675615167110369e-04
8.007142413024123011e-04
7.444604920766289668e-04
6.921966585227346718e-04
6.436358376328450703e-04
5.985121598553984953e-04
5.565792085426289918e-04
5.176085589650136201e-04
4.813884293793414555e-04
4.477224366037210659e-04
4.164284529968216315e-04
3.873375466814531123e-04
3.602930042179389603e-04
3.351494290169561015e-04
3.117718859892842920e-04
2.900351848569734893e-04
2.698231125248624560e-04
2.510277795034713947e-04
2.331520620498947699e-04
1.174936307613016643e-04
1.099220972310460182e-04
