0.000000000000000000e+00
1.584929415802638131e+00
1.587276781857922092e+00
1.591221631008981063e+00
1.596724757853461130e+00
1.603671811354774990e+00
1.611853235202823420e+00
1.620940192372339661e+00
1.630457510800494170e+00
1.639756314914208257e+00
1.647991435825388651e+00
1.654111807158434422e+00
1.656875160299562388e+00
1.654899837464284929e+00
1.646763914715312138e+00
1.631152523875215365e+00
1.607037870733179830e+00
1.573857362969404816e+00
1.531643072624480073e+00
1.481060661541951040e+00
1.423340411892319191e+00
1.360117255048540530e+00
1.293223609858625389e+00
1.224486141223068536e+00
1.155565462027006385e+00
1.087856375878257120e+00
1.022446711745921055e+00
9.601212094954144627e-01
9.013935458766366704e-01
8.465516087419336921e-01
7.957053458463119178e-01
7.488307864181384943e-01
7.058071675051003080e-01
6.664463107118310248e-01
6.305146810083286368e-01
5.977492126717371956e-01
5.678682878572214321e-01
5.405793734453120392e-01
5.155848687067206004e-01
4.925876701757868070e-01
4.712977202548377931e-01
4.514402269037233739e-01
4.327652692723424344e-01
4.150573547149016829e-01
3.981426948887497042e-01
3.818921007805601286e-01
3.662185892893902173e-01
3.510704746368304430e-01
3.364219791114177460e-01
3.222636738716445071e-01
3.085944608327130800e-01
2.954158587339119624e-01
2.827285539163366668e-01
2.705307314916125527e-01
2.588175862492864687e-01
2.475814931707887856e-01
2.368124696380110861e-01
2.264987085704061875e-01
2.166270724259451996e-01
2.071835070282264935e-01
1.981533706167460385e-01
1.895216892776904749e-01
1.812733543095953470e-01
1.733932744332968845e-01
1.658664942868325887e-01
1.586782866154636540e-01
1.518142240027000600e-01
1.452602341804367092e-01
1.390026418327667823e-01
1.330281993907594940e-01
1.273241085743940515e-01
1.218780343285824630e-01
1.166781123814455146e-01
1.117129515257529737e-01
1.069716316932578792e-01
1.024436984589462696e-01
9.811915481926127003e-02
9.398845070954447989e-02
9.004247091911836420e-02
8.627252164303055026e-02
8.267031618546762106e-02
7.922796007777667404e-02
7.593793576779367394e-02
7.279308720950214417e-02
6.978660448761943302e-02
6.691200854260043185e-02
6.416313616527796748e-02
6.153412538631319179e-02
5.901940119214579145e-02
5.661366176127440031e-02
5.431186511687245005e-02
5.210921638532677036e-02
5.000115547775686037e-02
4.798334533455158452e-02
4.605166072596507398e-02
4.420217749189248729e-02
4.243116237632327259e-02
4.073506329308732021e-02
3.911050009888086820e-02
3.755425583572939707e-02
3.606326837823514014e-02
3.463462256909455306e-02
3.326554270792448503e-02
3.195338547027910120e-02
3.069563316808357478e-02
2.948988739271069318e-02
2.833386296664576823e-02
2.722538223320913192e-02
2.616236965307846066e-02
2.514284665932452895e-02
2.416492681463165010e-02
2.322681121693714532e-02
2.232678413390995834e-02
2.146320888979587338e-02
2.063452395680343346e-02
1.983923924543828238e-02
1.907593261180921124e-02
1.834324652547609028e-02
1.763988492759263269e-02
1.696461023632711909e-02
1.631624052562532373e-02
1.569364684366487961e-02
1.509575065686233168e-02
1.452152145095726883e-02
1.396997442874270759e-02
1.344016834689624844e-02
1.293120344402106173e-02
1.244221949084417349e-02
1.197239393613383843e-02
1.152094012817709082e-02
1.108710564944001900e-02
1.067017072267815482e-02
1.026944670251280639e-02
9.884274618161393786e-03
9.514023825587731784e-03
9.158090724484625744e-03
8.815897481838013555e-03
8.486890884234373628e-03
8.170541216282894287e-03
7.866341195353985377e-03
7.573804974213433835e-03
7.292467132757613456e-03
7.021881835874164805e-03
6.761621887188727642e-03
6.511277949624204135e-03
6.270457725132001434e-03
6.038785212676597326e-03
5.815899998428597853e-03
5.601456544232791962e-03
5.395123567595880819e-03
5.196583403658506205e-03
5.005434455433257525e-03
4.821675381159178965e-03
4.644735092679408081e-03
4.474441680575176952e-03
4.310537208991004759e-03
4.152774203125994892e-03
4.000915171338338336e-03
3.854732215130318544e-03
3.714006597033598072e-03
3.578528367803966628e-03
3.448095976480622469e-03
3.322515936777362556e-03
3.201602472676009451e-03
3.085177202581957864e-03
2.973068835676380244e-03
2.865112860433320901e-03
2.761151270613695398e-03
2.661032307871003671e-03
2.564610178199032073e-03
2.471744830745394462e-03
2.382301700589677714e-03
2.296151498917690763e-03
2.213169987200372304e-03
2.133237778089401137e-03
2.056240137986458608e-03
1.982066766621663929e-03
1.910611686907099337e-03
1.841772996094822711e-03
1.775452744717802463e-03
1.711556758936864887e-03
1.649994500055724156e-03
1.590678909404455487e-03
1.533526274632433448e-03
1.478456093706290945e-03
1.425390947888614725e-03
1.374256382505546249e-03
1.324980768683854107e-03
1.277495236418042497e-03
1.231733507156204449e-03
1.187631840518053785e-03
1.145128919163003554e-03
1.104165727634371210e-03
1.064685505059252994e-03
1.026633622767553775e-03
9.899575296671613359e-04
9.546066345980014139e-04
9.205322668235251362e-04
8.876875742329440322e-04
8.560274785688978165e-04
8.255085747055625157e-04
7.960890964547323720e-04
7.677288344521400552e-04
7.403890840051554137e-04
7.140325864453193590e-04
6.886234637713106038e-04
6.641271865473750199e-04
6.405104958403138541e-04
6.177413783071160954e-04
5.957890092771396008e-04
5.746236990344940438e-04
5.542168669712481096e-04
5.345409797193953613e-04
5.155695325620129454e-04
4.972769886271206528e-04
4.796387631147029976e-04
4.626311685381203861e-04
4.462313959283111366e-04
4.304174715749097056e-04
4.151682329766729945e-04
4.004632864435444389e-04
3.862829984351786629e-04
3.726084479358582400e-04
3.594214053042470462e-04
3.467043207812112518e-04
3.344402549676143803e-04
8.753409207381519861e-05
1.871276646726399886e-14
1.835031090281270843e-14
1.799520410310599256e-14
1.764701378410825870e-14
1.730563908559166725e-14
1.697094366177464964e-14
1.664279393440920479e-14
1.632101977780259594e-14
1.600557237657729803e-14
1.569628640504997035e-14
1.539303914900647536e-14
1.509571018657492143e-14
1.480410617125630967e-14
