0.000000000000000000e+00
3.418352374634094915e-01
3.426067091957768485e-01
3.439146299287342279e-01
3.457652583203342234e-01
3.481506944630557987e-01
3.510442655375988208e-01
3.543946538485047149e-01
3.581188158062281190e-01
3.620940625298814108e-01
3.661501964209924465e-01
3.700633586035208533e-01
3.735541207643328088e-01
3.762930683317751712e-01
3.779170918548738212e-01
3.780581353416894719e-01
3.763828364361461176e-01
3.726369201016329069e-01
3.666842783813382134e-01
3.585299400448863638e-01
3.483199838991316577e-01
3.363185855383303835e-01
3.228693113962907146e-01
3.083512248820882706e-01
2.931394408801586970e-01
2.775759919032171341e-01
2.619526250081253282e-01
2.465040790826788786e-01
2.314089712436350754e-01
2.167952892550341626e-01
2.027480508051014707e-01
1.893174592451993543e-01
1.765265816503708007e-01
1.643780973403295431e-01
1.528600076063462987e-01
1.419503969014158928e-01
1.316214276799925753e-01
1.218427683725101657e-01
1.125846027490799428e-01
1.038202596268452127e-01
9.552834466379482581e-02
8.769409863585352072e-02
8.030963320064228583e-02
7.337280804858678507e-02
6.688484213780515608e-02
6.084718029598468192e-02
5.525842746213300433e-02
5.011212431373544829e-02
4.539578647264853883e-02
4.109117368622902666e-02
3.717542554649361924e-02
3.362259458748714791e-02
3.040518223851082502e-02
2.749543572151551610e-02
2.486631033819702505e-02
2.249210218992930485e-02
2.034880795604712689e-02
1.841428357363563556e-02
1.666826817714640516e-02
1.509232565805024122e-02
1.366974102656207633e-02
1.238539577423030009e-02
1.122563696972807452e-02
1.017814836890588992e-02
9.231827831122672162e-03
8.376673004364327754e-03
7.603675932161190962e-03
6.904726576449554676e-03
6.272524862370303447e-03
5.700500779587955660e-03
5.182741932236660520e-03
4.713927965154357178e-03
4.289271287341081366e-03
3.904463566822960908e-03
3.555627454015668817e-03
3.239273086317261477e-03
2.952258913262168719e-03
2.691756436724213660e-03
2.455218508206025337e-03
2.240350803813854780e-03
2.045086209420684132e-03
1.867561802848031549e-03
1.706098179417087600e-03
1.559180890226891623e-03
1.425443782251348745e-03
1.303654038526613551e-03
1.192698758911229714e-03
1.091572908903454524e-03
9.993685124307382945e-04
9.152649450763117485e-04
8.385202304590890290e-04
7.684632151219089385e-04
7.044865542521405385e-04
6.460404093749361459e-04
5.926267834941078769e-04
5.437944427343801949e-04
4.991343404192334198e-04
4.582755127869061031e-04
4.208813850916763317e-04
3.866464511816056779e-04
3.552932803329723996e-04
3.265698337440498433e-04
3.002470378243935335e-04
2.761166033107103875e-04
2.539890594375944239e-04
2.336919807268356890e-04
2.150683888671981890e-04
1.979753101518877889e-04
1.822824713735579714e-04
1.678711278461447688e-04
1.546329964286854725e-04
1.424692989475680020e-04
1.312898909055559621e-04
1.210124751362398138e-04
1.115618947722605008e-04
1.028694839584943805e-04
9.487248878799263386e-05
8.751353500948440137e-05
8.074014989382817390e-05
7.450432757566586932e-05
6.876213290902615470e-05
6.347334637203526809e-05
5.860113187049916346e-05
5.411174743779869684e-05
4.997427270644364211e-05
4.616036525342950359e-05
4.264403732464088945e-05
3.940145428630401368e-05
3.641074832406215926e-05
3.365185250302710825e-05
3.110634557323849891e-05
2.875731368445032848e-05
2.658922094626146537e-05
2.458779842213266556e-05
2.273993122949095666e-05
2.103356490165260938e-05
1.945761734294786997e-05
1.800189890180636912e-05
1.665703600280817688e-05
1.541440408637633755e-05
1.426606719716702897e-05
1.320472306412328627e-05
1.222364496386614275e-05
1.131664156934384933e-05
1.047800973538026585e-05
9.702495877279201580e-06
8.985259340107229785e-06
8.321838578090255239e-06
7.708123070349506107e-06
7.140320654490973138e-06
6.614935546202617860e-06
6.116510546424796914e-06
5.678776411201482705e-06
5.262283780014718497e-06
4.876737242975529996e-06
4.519800808940498672e-06
4.189316096109354291e-06
3.883294933854729818e-06
3.599897245698172095e-06
3.337426955089788100e-06
3.094314887677666239e-06
2.869113374046506560e-06
2.660484405038771506e-06
2.467191494374621628e-06
2.288092458841364304e-06
2.122130149993129159e-06
1.968329389535545955e-06
1.825787765706608581e-06
1.693669696025990525e-06
1.571204513644400273e-06
1.457677908595279875e-06
1.352430592939148175e-06
1.254851046227988579e-06
1.164374541255418866e-06
1.080478241287497405e-06
1.002678268577232512e-06
9.305272423057826619e-07
8.636104198692073962e-07
8.015442967848554704e-07
7.439736412358591664e-07
6.905695052443156687e-07
6.410280742840255708e-07
5.950666395528306956e-07
5.524243607394503989e-07
5.128595259811585220e-07
4.761475752329941766e-07
4.420811894548286055e-07
4.104685209175359202e-07
3.811310926716970374e-07
3.539037325317481709e-07
3.286334844387543688e-07
3.051785085845556196e-07
2.834075638005840116e-07
2.631986912798623235e-07
2.444390949514370962e-07
2.270238215398422026e-07
2.108563316773229101e-07
1.958461014195146545e-07
1.819100902575874851e-07
1.689707508789417416e-07
1.569564328778947232e-07
1.458005057160288736e-07
1.354412951614799622e-07
1.258215380178518463e-07
1.168881233011515434e-07
1.085918412506868680e-07
1.008869351304969377e-07
9.373108583354601021e-08
8.708490042451218384e-08
8.091188267830395665e-08
7.517821099612480873e-08
6.985250008433488467e-08
6.490543376327550401e-08
6.031001348117405555e-08
5.604115549681033890e-08
5.207552399784998195e-08
4.839142788480614344e-08
4.496897617423106032e-08
4.178932253868952333e-08
3.883516679214925882e-08
3.609061140604544678e-08
3.354051859820944955e-08
3.117125623827546072e-08
2.896976908178384660e-08
2.692421327112237068e-08
2.502355765602368313e-08
2.982602878643170262e-05
4.207187749218133680e-23
4.143986725142685862e-23
4.079042157572710021e-23
4.009338333118899015e-23
3.940894042756877080e-23
3.873688620726576098e-23
3.807697786352162167e-23
3.736716077472995580e-23
3.673170403495351542e-23
3.610766679714622303e-23
3.549491107023918230e-23
3.489305089953783652e-23
3.418310931399627635e-23
