0.000000000000000000e+00
3.426154480370590116e-01
3.458009767395873180e-01
3.511233925963764269e-01
3.582491728730930469e-01
3.663192571876108250e-01
3.737131603007908254e-01
3.779699470325239563e-01
3.761981600907247647e-01
3.661435122511547680e-01
3.473760380050802121e-01
3.215662711841026367e-01
2.915806725257966692e-01
2.602527861822255262e-01
2.296627236671753558e-01
2.010204437584297843e-01
1.748559285233520777e-01
1.512648400839509688e-01
1.301077322751357512e-01
1.111527524726091398e-01
9.417996677343494494e-02
7.905295236824116945e-02
6.573469323275728249e-02
5.422957138510514641e-02
4.449516367006742940e-02
3.639982631613453146e-02
2.974412629639238553e-02
2.430615644266450812e-02
1.987562480071842705e-02
1.626920853251036594e-02
1.333348564634490724e-02
1.094241756426973626e-02
8.993300406901955785e-03
7.402755341216768828e-03
6.103219132622511069e-03
5.039998755911536017e-03
4.168840337116994088e-03
3.453939164978357852e-03
2.866319101521872491e-03
2.382517636268107440e-03
1.983521855110113603e-03
1.653909195490468713e-03
1.381154662140135795e-03
1.155072814890953370e-03
9.673686024862992658e-04
8.112758988802245674e-04
6.812665801599393283e-04
5.728162950635177532e-04
4.822157401290693367e-04
4.064184626972920178e-04
3.429179770783263251e-04
2.896484289977453025e-04
2.449041633679390753e-04
2.072745057843827137e-04
1.755907860539198079e-04
1.488832363979754314e-04
1.263458487613225206e-04
1.073076912681136000e-04
9.120942662033890971e-05
7.758407812762881833e-05
6.604122987498162590e-05
5.625403783156135684e-05
4.794851705356743078e-05
4.089470846352075741e-05
3.489937232125954258e-05
2.979993424999149691e-05
2.545946895031041233e-05
2.176252867319827320e-05
1.861167579624764523e-05
1.592458910942286696e-05
1.363165575583628662e-05
1.167395395606381441e-05
1.000156806896451291e-05
8.572175468488883924e-06
7.349865896941606385e-06
6.304139831687859877e-06
5.409081935349459349e-06
4.642650554057509755e-06
3.986086130090987563e-06
3.423417426952298409e-06
2.941030211405875626e-06
2.527319907186494032e-06
2.172384757802619435e-06
1.867772642685759784e-06
1.606264859539481090e-06
1.381693064349076548e-06
1.188783725058946182e-06
1.023026116141391043e-06
8.805602008742735558e-07
7.580819312561322675e-07
6.527607095629039054e-07
5.621722565033361356e-07
4.842378872835787545e-07
4.171752981210753369e-07
3.594562844302966389e-07
3.097692575444196853e-07
2.669882595092568756e-07
2.301467560218906312e-07
1.984146257176988875e-07
1.710788733877618981e-07
1.475267094154478211e-07
1.272313036590074588e-07
1.097397931612120805e-07
9.466271884361485313e-08
8.166511809828024184e-08
7.045877691648916309e-08
6.079571214968918256e-08
5.246231599066434532e-08
4.527488201287767569e-08
3.907518683466173053e-08
3.372695312691286200e-08
2.911273368018796902e-08
2.513152566106400208e-08
2.169616649535938408e-08
1.873154216614845555e-08
1.617295660816539565e-08
1.396462921299385490e-08
