0.000000000000000000e+00
3.441590819981454330e-01
3.507558759874666032e-01
3.531751340727342647e-01
3.352861591225110849e-01
2.894557704204053783e-01
2.306459488793925483e-01
1.766339391599588138e-01
1.335798405557472590e-01
1.002925980625143793e-01
7.380793399402435506e-02
5.231727774540669007e-02
3.579477038977069842e-02
2.413151941311938303e-02
1.629468954424408492e-02
1.109527347493409130e-02
7.633053603288007978e-03
5.305517109244766057e-03
3.722668691329526335e-03
2.633668034978542665e-03
1.876366301041816880e-03
1.344772358216673276e-03
9.686281105918476608e-04
7.006836250302224704e-04
5.087311912155767979e-04
3.705551614054790484e-04
2.706770344986998873e-04
1.982208736703063034e-04
1.454903572704316275e-04
1.070064457066690938e-04
