0.000000000000000000e+00
3.458729199422621581e-01
3.585132727485860205e-01
3.740286433489812268e-01
3.757947030867199167e-01
3.454259398088024846e-01
2.884140730961360921e-01
2.261471611823104855e-01
1.715077916257831403e-01
1.270800400210727876e-01
9.148831449213337685e-02
6.345235754643949178e-02
4.272166071193007897e-02
2.844902881189494831e-02
1.895150436957634618e-02
1.267839894076562036e-02
8.529623167648691870e-03
5.774760480123577490e-03
3.935629147428716321e-03
2.700182031788273592e-03
1.864696586506960291e-03
1.295801687482435417e-03
9.057889896104843065e-04
6.366462781890521328e-04
4.497498691935595139e-04
3.192034391470566636e-04
2.275191218286680590e-04
1.628032622081579839e-04
1.169112180107009964e-04
8.422912135969199939e-05
6.086366849830607154e-05
4.409927153708427316e-05
3.203168684465076738e-05
2.331901196456757607e-05
1.701130111637988104e-05
1.243324831595609930e-05
9.102923002180813501e-06
6.675162574021290205e-06
4.901948823737388128e-06
3.604523458227134568e-06
2.653689204050064636e-06
1.955826250177263786e-06
1.442936789282745449e-06
1.065525134502289602e-06
7.874896700936831013e-07
5.824507405081789671e-07
4.310994822830261225e-07
3.192817306803358175e-07
2.366049289041055478e-07
1.754302734058393072e-07
1.301356668170184944e-07
9.657841040964049699e-08
7.170326700229479025e-08
5.325458441231148090e-08
3.956579550289586442e-08
-1.834425291658861243e-08
2.185885254468157198e-08
-4.514340358308137237e-06
-7.727947526766569029e-06
-4.675342356019415203e-05
