0.000000000000000000e+00
3.462991433943914954e-01
3.602630497088731287e-01
3.758771344189654195e-01
3.719711072411813202e-01
3.309551625958311316e-01
2.667632380501159250e-01
2.031135966643005109e-01
1.500156564405643600e-01
1.078126095891809716e-01
7.459007496897426814e-02
4.961265904638161028e-02
3.234964009801861995e-02
2.104086624603930533e-02
1.374051910621378221e-02
9.027650264789091605e-03
5.972687236426145116e-03
3.980791253836054623e-03
2.673054043705486941e-03
1.808054893516199742e-03
1.231502877832047491e-03
8.442878751710906427e-04
5.823283250154472936e-04
4.038814934990198925e-04
2.815404246548558671e-04
1.971659425106156286e-04
1.386580784291469926e-04
9.788441271232971135e-05
6.934015535845526395e-05
4.927434534891878335e-05
