-7.500000000000000000e-01
-7.516090575597205170e-01
-7.557182521516384588e-01
-7.577918607177889232e-01
-7.459946932415674192e-01
-7.034592390521989813e-01
-6.262438263256674409e-01
-5.339473307260034218e-01
-4.468720006062519290e-01
-3.712388391404863319e-01
-3.066712519229913836e-01
-2.525390607335088466e-01
-2.080540298487053297e-01
-1.718908490323367844e-01
-1.425724409915704316e-01
-1.187648171620007409e-01
-9.936068062420916336e-02
-8.347227638295173779e-02
-7.039799754088110761e-02
-5.958589768741550524e-02
-5.060155877443672789e-02
-4.310197339088371604e-02
-3.681505835030327023e-02
-3.152383930236295900e-02
-2.705431596373358491e-02
-2.326615867402675661e-02
-2.004556064982776845e-02
-1.729972548588543449e-02
-1.495259562304661859e-02
-1.294152490160451439e-02
