-2.999999999999999334e-01
-2.997097169150614304e-01
-2.985714757850903012e-01
-2.957415419383803701e-01
-2.896308101182168415e-01
-2.779502006352159715e-01
-2.585305852124710202e-01
-2.311233404087479348e-01
-1.986698775645147352e-01
-1.659186410219322949e-01
-1.366181937040250038e-01
-1.122837074154185710e-01
-9.276598836189792197e-02
-7.719180125592492447e-02
-6.455268279494962014e-02
-5.396427505461622032e-02
-4.478515538299857046e-02
-3.668958932559474029e-02
-2.963585068157132199e-02
-2.368082649690608082e-02
-1.880361948239144335e-02
-1.488379784997112543e-02
-1.176227738777067822e-02
-9.287237532376322116e-03
-7.329530606575370560e-03
-5.783453986396722146e-03
-4.563675306896634518e-03
-3.601820444935711473e-03
-2.843423645998954287e-03
-2.245309100979707255e-03
-1.773381918202356685e-03
-1.400793452685881188e-03
-1.106439556596163333e-03
-8.737469929201089865e-04
-6.897029573614670570e-04
-5.440856130154383572e-04
-4.288579454089489797e-04
-3.376925605188389767e-04
-2.656002953090600880e-04
-2.086404805745346023e-04
-1.636951963192487237e-04
-1.282931974565979470e-04
-1.004725900017737380e-04
-7.867352411373999463e-05
-6.165415422293162885e-05
-4.842475247979090281e-05
-3.819585953518629467e-05
-3.033742303193935749e-05
-2.434649958278427726e-05
-1.982166265266869094e-05
