-2.999999999999999334e-01
-2.990531544258401286e-01
-2.939220435273627308e-01
-2.768776318763405131e-01
-2.383630897165041895e-01
-1.837523437557313233e-01
-1.329570033744847390e-01
-9.582152837628372943e-02
-7.034831338219187102e-02
-5.196522698996241391e-02
-3.747963697196286803e-02
-2.601032490083323573e-02
-1.763323647869173560e-02
-1.185834114082717251e-02
-7.953212851449089488e-03
-5.329767558108886374e-03
-3.572558819719256432e-03
-2.396400824978614855e-03
-1.608481088758511104e-03
-1.079756300491644880e-03
-7.243267660182644077e-04
-4.850899732628797026e-04
-3.240239436487886643e-04
-2.157198802705735956e-04
-1.431188045172856300e-04
-9.471122830035784792e-05
-6.269611807967425028e-05
-4.176573185567971410e-05
-2.829888223875442891e-05
-1.982166121496362662e-05
