-1.500000000000001159e-02
5.942298061836033193e-04
3.595764904121694777e-02
-1.010005619237479557e+00
1.421361567699952744e+01
-5.874734845990944621e+01
1.771835492482048413e-01
-1.550671010257368299e-03
1.225811492578733272e-03
1.005422293669499222e-02
-1.454653874515839801e-02
-9.421607260826483921e-02
-7.970655637216277067e-02
-3.465560929370870014e-02
-3.772443700697171443e-02
-3.909483749526842383e-02
-3.934844380798354496e-02
-3.827750770715735579e-02
-3.673351812045606152e-02
-3.459738502904717572e-02
-3.225702056390570421e-02
-2.989413732340744090e-02
-2.767659066826786904e-02
-2.572529622729941359e-02
-2.398699780508514734e-02
-2.243920104580912275e-02
-2.104461426536171839e-02
-2.015410540579398377e-02
-2.000412724430911462e-02
-2.008649800764501434e-02
6.249725574957873603e-05
6.494886123931750829e-05
6.738339968985953958e-05
-4.839473120524446337e+00
5.713018536051046143e+11
1.324637717787563174e-01
-1.224878084975616000e+17
-2.489052217674288525e-01
2.652315132943744089e-02
3.214703074353407290e-03
5.207800017033854534e-01
3.975274617432769837e-03
1.920823341973856672e-03
4.403671115031655703e-03
6.934859850586311053e-04
6.200663248030329486e-04
5.536373119936053742e-04
4.937337442604307347e-04
4.398751104740474438e-04
3.915788773706260859e-04
