0.000000000000000000e+00
2.464471985156618317e+01
1.955459111151134621e+01
-2.167094576703256781e+00
9.261715434472975517e+01
-4.210607256894850536e+01
7.824056347946493872e+01
-9.966149650740328880e+00
2.980851821964649595e-01
8.555080919882566137e-01
1.013803432609146427e+01
-1.934682138278373820e-01
-1.633107917684032684e-01
-2.162478396939855052e-01
-2.240880697151402534e-01
-2.224300534000612783e-01
-2.154499528365090288e-01
-2.026920843351563972e-01
-1.885356598621686364e-01
-1.725428842170471655e-01
-1.563644590040524085e-01
-1.407742912577596428e-01
-1.264095309479849882e-01
-1.137739759652697524e-01
-1.026269331921025874e-01
-9.285383774666347567e-02
-8.423112178436635566e-02
-7.628955480660931654e-02
-6.977492370676625921e-02
-6.381910229766259157e-02
1.288276914250216423e-03
1.228027463879865968e-03
1.172263798419699056e-03
-6.514348976142891843e+02
1.233763150811763573e+21
-1.037402839916085950e+00
-8.398763169564409926e+24
-5.417058035079135969e+00
9.342631047043984394e-01
9.561831403271674537e-03
1.696556408485926326e+01
7.479955535203596656e-03
1.250384928275179164e-01
1.634546019047162721e-02
2.366661431370428899e-03
2.075892094637058361e-03
1.820470081879291572e-03
1.596375096587567292e-03
1.399971183279163835e-03
1.227986198375141539e-03
