0.000000000000000000e+00
1.589299059625030486e+00
1.604307805450326807e+00
1.626773174212446049e+00
1.649089140329208059e+00
1.656264225069167706e+00
1.627015296775806918e+00
1.543561549614355544e+00
1.406566796817765086e+00
1.237794026580898432e+00
1.065202086501124468e+00
9.084674011423472528e-01
7.759959684296162674e-01
6.685338189467286973e-01
5.830960904456647942e-01
5.152676395909464580e-01
4.602631875192904065e-01
4.136437219216777539e-01
3.721688245837184161e-01
3.342588023750427406e-01
2.995157418276434003e-01
2.679224094996496830e-01
2.394248964946091018e-01
2.138667795589200005e-01
1.910297594533131027e-01
1.706720740058583208e-01
1.525503211455073171e-01
1.364309335138494395e-01
1.220961287622987085e-01
1.093466722882374537e-01
9.800268181383854638e-02
8.790323459686946728e-02
7.890528211817481041e-02
7.088220808913735238e-02
6.372224791273747857e-02
5.732690467917975208e-02
5.160944061284879897e-02
4.649348528421229365e-02
4.191177780204353304e-02
3.780504570375381457e-02
3.412101490228208744e-02
3.081354053897273140e-02
2.784184692721040563e-02
2.516986440605666411e-02
2.276565137513216625e-02
2.060089079841590301e-02
1.865045149553824777e-02
1.689200566195038847e-02
1.530569517816934844e-02
1.387384016053073293e-02
