0.000000000000000000e+00
1.596962266107328388e+00
1.630948750080964516e+00
1.657009805247839029e+00
1.604816719883196408e+00
1.417317648930973117e+00
1.147414657723856868e+00
8.935216175269292682e-01
6.992976822585780239e-01
5.627912115247499791e-01
4.672303954260300096e-01
3.945204399324901967e-01
3.329833723765515674e-01
2.795128376180904817e-01
2.338811160552569934e-01
1.955240219717718497e-01
1.635310693307577001e-01
1.369408974346628671e-01
1.148646916063043172e-01
9.652752477886444860e-02
8.127489260841026797e-02
6.856377324409496099e-02
5.794790140312417598e-02
4.906211819190346712e-02
4.160797985142510730e-02
3.534139166541243327e-02
3.006234949438013615e-02
2.560658493521688478e-02
2.183882182710650266e-02
1.864735293273944369e-02
1.593968055412335605e-02
1.363900792985910972e-02
1.168140917749419319e-02
-2.588874015440472375e-03
3.450715752359367981e-03
3.682585881174740318e-03
-1.118370949047123908e+01
3.266341447919630964e+26
2.353592332459277826e-03
1.917280962900790291e-03
1.294903675186002403e-03
1.136650366614832359e-03
9.821165837058706393e-04
8.301232824054674943e-04
1.911344329891581867e-03
-2.757705344696124452e-04
5.569522285842205519e-04
-2.792308103238196060e-02
-6.576531898913481021e-03
-2.814642614366357713e-03
7.270730437953548848e-04
1.693682555809878940e-05
2.615652980115611820e-04
1.005955179233156528e-04
3.937671270891320778e-04
1.728819763781162262e+09
1.602929252041973020e-04
5.522398676695408669e-05
1.394650584607670912e-04
-1.697652390721275711e+10
8.952570392006205843e-05
1.452726708916160511e+06
7.074412779313845635e-05
-6.005946404893305153e+07
6.911112089860713451e-05
6.851484272588149309e+08
1.163916011525983538e-04
4.705006123962808251e+08
9.851533869974186540e-05
4.542969106209410429e+08
8.548862495131628848e-05
5.841899820780204535e+08
7.698187483910180968e-05
9.551252957658016682e+08
7.277869381971859702e-05
1.933540505802020788e+09
7.276956598142823580e-05
4.932811043318750381e+09
7.694841739347489488e-05
1.661955747436765862e+10
8.541189174079821388e-05
7.433918165545445251e+10
9.836126264116825627e-05
4.165911652552526855e+11
1.161069866071285170e-04
2.809418915709934082e+12
1.390759758960138806e-04
2.455618158890333203e+13
9.546097401461729911e+36
9.285764889834039062e+12
