0.000000000000000000e+00
1.303112695675723964e+00
1.331343733198897539e+00
1.375440141068598798e+00
1.416745806866620105e+00
1.415783088263775413e+00
1.340977617324337512e+00
1.210379510071527553e+00
1.064561190191541939e+00
9.238000065470552968e-01
7.920251051564347611e-01
6.716237801098106086e-01
5.652257527820202521e-01
4.736520863208990573e-01
3.961100684311669173e-01
3.310622040127829679e-01
2.767761241426623942e-01
2.315862906313123915e-01
1.940015551770381819e-01
1.627363466398026315e-01
1.367058993584535365e-01
1.150062883893369220e-01
9.688967715576386752e-02
8.173973626280994775e-02
6.904937052048619461e-02
5.840146824647309692e-02
4.945270318144691368e-02
4.192011955899453690e-02
3.557012647834375402e-02
3.020951740710152780e-02
