0.000000000000000000e+00
1.598656987306312116e+00
1.635888388484655342e+00
1.655673813901184177e+00
1.569040220005452957e+00
1.333098271713600624e+00
1.042343048741684486e+00
7.970071139489569578e-01
6.218537722052738248e-01
5.029920832390876173e-01
4.181859912690418235e-01
3.495552243511192425e-01
2.904859952393504807e-01
2.403575103875107699e-01
1.986120943533902783e-01
1.641827304894998008e-01
1.359081200041427628e-01
1.127160969429754356e-01
9.368122343347730363e-02
7.803212155162844721e-02
6.513781831488708873e-02
5.448705552221250886e-02
4.566716908505334682e-02
3.834524979707936571e-02
3.225235983834678910e-02
2.717071967925648382e-02
2.292346623053368587e-02
1.936652139623517427e-02
1.638214820869450875e-02
1.387384015947064862e-02
