0.000000000000000000e+00
3.431510683122501737e-01
3.482486931793850604e-01
3.565220595616955257e-01
3.666293446242534504e-01
3.754389588185824689e-01
3.778299385905906083e-01
3.684242986603156189e-01
3.451883099263362564e-01
3.112026759897449923e-01
2.722266003432829984e-01
2.332548846204794413e-01
1.971601832910557517e-01
1.650338018966378550e-01
1.369324503048876818e-01
1.124648127674287568e-01
9.118211724222122228e-02
7.282443322639550742e-02
5.735064903195016134e-02
4.472238154446251529e-02
3.470531488205223780e-02
2.689677108077061576e-02
2.085762422283094983e-02
1.619870107970840592e-02
1.260498554933286823e-02
9.830339823064878843e-03
7.684877458317609239e-03
6.022813367849822776e-03
4.732453862700549199e-03
3.728295904472471271e-03
2.944887674399459653e-03
2.332096233712136965e-03
1.851478871182219614e-03
1.473510829515578546e-03
1.175472612106654748e-03
9.398423954515459445e-04
7.530736884056863419e-04
6.046659072146431425e-04
4.864572321396028231e-04
3.920859547832097132e-04
3.165794748710513279e-04
2.560400878767773829e-04
2.074041869501450162e-04
1.682572620989236179e-04
1.366913844637291460e-04
1.111950960004838161e-04
9.056810204995171816e-05
7.385497999607027071e-05
6.029351884603929347e-05
4.927434536999725245e-05
