0.000000000000000000e+00
3.708698175555641963e-01
3.053607102261253758e-01
-1.585352263541061069e-01
-2.070970924096939214e+01
2.009139443763696775e+01
-5.034037180263632649e+01
9.499032471987403525e+00
3.941535992329812110e-01
-4.021019306810290073e-01
-2.033199837376027830e+00
-1.490984400692221910e-03
-1.025363272989841075e-03
3.969592808895105324e-02
3.862176288085184678e-02
3.573466014852332701e-02
3.193026198353467876e-02
2.777448794050254091e-02
2.375950067926856785e-02
2.019585093515243943e-02
1.715887980921506836e-02
1.468947321704576481e-02
1.268345128392108639e-02
1.101453249689262996e-02
9.597649816359148447e-03
8.380679662151883924e-03
7.344191438063277406e-03
6.960143137639928333e-03
6.834442016177076640e-03
6.777074341647484727e-03
1.806978761915178943e-05
1.615052535454872241e-05
1.441361624012739883e-05
1.328614124264350949e+02
-2.716734300400776643e+21
-8.810457364531071311e-01
1.828001120559318241e+25
2.560049502942840061e+00
-3.484424534600473189e-01
2.896556709449321448e-04
-4.666934707284001504e+00
2.074144161271655740e-03
-5.503986036451787023e-02
-1.286963467185638825e-03
4.329030069070625536e-05
3.450689323646603958e-05
2.749481740900252299e-05
2.190208497364251041e-05
1.744490599381429393e-05
1.389497701646558734e-05
