0.000000000000000000e+00
1.791870584515529718e-01
1.881437625420320503e-01
2.025934755653819308e-01
2.172852914064573593e-01
2.196047527558948886e-01
1.976283055295321722e-01
1.560863541715072633e-01
1.108963769710998443e-01
7.319167081279039089e-02
4.623425166813265735e-02
2.869773801765900662e-02
1.781463725127635511e-02
1.115912669245077565e-02
7.081622885737426203e-03
4.559829577875378244e-03
2.979505376284222878e-03
1.974374379860119582e-03
1.325321511336493728e-03
9.000259373534056587e-04
6.175277994390173568e-04
4.275443945161703000e-04
2.983548509991186364e-04
2.096381754240755489e-04
1.481849877024833488e-04
1.052917291962561443e-04
7.515241334432517248e-05
5.385049352816394144e-05
3.871736058193965487e-05
2.791833299809282767e-05
