0.000000000000000000e+00
3.457220269178336025e-01
3.581956256131496596e-01
3.736811170503272495e-01
3.761263750095019121e-01
3.471867878224436654e-01
2.912909099479526476e-01
2.293419302033538609e-01
1.745482577909459321e-01
1.298273282736132905e-01
9.392902472533641578e-02
6.552048483931713352e-02
4.432773915263990561e-02
2.962145064571293507e-02
1.978792345041736900e-02
1.327123005194411239e-02
8.949182759452445346e-03
6.071933635898042400e-03
4.146605107417270647e-03
2.850464175168785329e-03
1.972171831076969389e-03
1.372994668198305275e-03
9.614762305257490514e-04
6.769932046285473707e-04
4.791036139655049388e-04
3.406426476428451103e-04
2.432345590889294453e-04
1.743615332891560463e-04
1.254380168625639582e-04
9.053708730960189450e-05
6.554202343611677977e-05
4.757699958349748977e-05
3.462230219592500331e-05
2.541772248476294638e-04
4.287481420047868175e-05
-2.802467087817864634e-04
8.291855781004702663e+00
3.591516525933763203e+26
-3.006873027660633083e-04
-2.434379549106327110e-04
-8.969451304782014164e-05
-7.895941659468003171e-05
-6.889850896559226372e-05
-5.929065982117675751e-05
8.654844158247864932e-07
5.358666878577314491e-05
-2.042067278501230436e-04
2.361341336290976450e-02
4.036847508333213722e-03
1.894576237455043721e-03
-2.895801183709521078e-05
1.488224828769598996e-05
-9.986309949109674659e-05
3.002040919984448061e-06
-1.546452820674674335e-05
2.981288497481002808e+09
-6.515663786958503017e-05
2.264294969231483021e-06
-4.113631698480448067e-05
-2.938196795292767334e+10
-2.467709617370299161e-05
3.759986828003735747e+06
-2.574846992998292214e-05
-1.009791728995049000e+08
-7.270503401057807507e-06
1.187225255945376396e+09
-1.161252316952878102e-04
8.156269787319895029e+08
-1.160220893391426729e-04
7.877819849572157860e+08
-1.047464865173255072e-04
1.013220451422719717e+09
-8.204735659651473637e-05
1.656711589207795143e+09
-4.739201454950789594e-05
3.353990907455825329e+09
4.516579060278271995e-08
8.558036485144228935e+09
6.140156752799714893e-05
2.884457011237154007e+10
1.381529800057921761e-04
1.290810158685797424e+11
2.321486426893131459e-04
7.235874203325356445e+11
3.456554700215726033e-04
4.880117091370256836e+12
4.814124817232165649e-04
4.264771865750414844e+13
-8.002460637964258014e+36
1.636979427395146289e+13
